43.84
220.64
32.064
27.552
73.952
37.664
10.56
23.04
52.512
142.816
107.808
13.792
17.216
34.56
325.568
89.344
19.648
9.44
21.6
36.0
39.872
120.576
21.472
72.928
32.128
31.456
17.312
43.84
14.656
8.384
50.688
52.32
460.032
15.52
34.336
18.368
41.92
21.344
75.872
35.424
19.296
28.896
37.184
37.152
29.6
24.256
23.872
37.792
21.12
32.608
36.8
129.76
15.488
69.344
21.44
76.544
21.888
90.72
150.336
41.952
19.904
82.656
17.312
29.792
12.544
70.848
33.888
25.952
61.472
209.056
35.136
10.784
81.568
148.32
7.552
