9999999999
128.832
33.408
28.064
9999999999
258.4
133.088
72.096
31.008
67.872
17.056
44.736
168.64
29.504
66.144
22.752
36.192
44.0
61.92
129.632
12.608
26.816
42.176
107.104
87.008
49.248
88.352
20.768
490.72
29.728
33.824
118.304
362.336
100.384
75.136
24.384
88.256
38.336
31.2
68.128
11.68
11.264
26.88
30.912
12.448
84.192
32.0
43.456
87.968
12.928
27.84
26.336
8.352
17.28
26.912
28.256
36.256
200.48
15.808
94.688
9999999999
755.104
9999999999
9999999999
9999999999
9999999999
101.856
233.696
99.456
83.328
15.136
104.192
48.512
29.952
204.512
