843.616
305.856
554.304
891.936
299.136
57.792
218.784
119.392
225.728
330.208
429.12
623.648
522.72
72.992
273.664
151.2
287.584
611.744
501.536
707.648
852.64
668.96
205.088
509.184
1926.656
277.856
372.672
751.936
468.16
388.736
275.84
307.712
195.424
268.864
723.168
276.608
406.688
647.872
834.784
1634.72
654.88
318.144
318.656
806.464
193.472
202.272
253.28
439.072
633.248
195.168
223.008
1405.184
703.52
965.728
479.648
224.096
737.824
796.256
1725.216
530.944
337.504
927.424
2048.8
1208.736
198.72
419.36
248.736
1486.304
619.328
916.736
786.208
228.0
886.592
877.888
702.304
