9999999999
9999999999
9999999999
9999999999
9999999999
9999999999
9999999999
9999999999
9999999999
297.216
387.264
9999999999
9999999999
387.264
68.16
9999999999
9999999999
9999999999
9999999999
9999999999
9999999999
9999999999
9999999999
9999999999
100.48
9999999999
9999999999
9999999999
9999999999
9999999999
9999999999
9999999999
9999999999
234.048
219.968
9999999999
9999999999
9999999999
9999999999
9999999999
9999999999
9999999999
9999999999
9999999999
9999999999
9999999999
9999999999
102.048
661.76
9999999999
9999999999
9999999999
9999999999
9999999999
9999999999
9999999999
9999999999
9999999999
9999999999
9999999999
43.904
862.88
9999999999
9999999999
9999999999
9999999999
9999999999
9999999999
9999999999
9999999999
9999999999
123.36
210.976
9999999999
9999999999
